0 0.8884 0.3026 0.0845 0.2271
0 0.4832 0.5084 0.0415 0.0645
0 0.3303 0.4912 0.0386 0.0945
0 0.9221 0.4835 0.1040 0.1289
0 0.9412 0.5813 0.0493 0.0696
0 0.9807 0.6216 0.0386 0.1341
0 0.8279 0.6066 0.0405 0.0938
0 0.8428 0.4187 0.0381 0.0901
0 0.8286 0.3502 0.0498 0.0454
0 0.7927 0.2916 0.0825 0.0718
0 0.5928 0.5806 0.0664 0.1502
0 0.8188 0.4861 0.0908 0.1385
0 0.7964 0.3967 0.0352 0.0388
0 0.7617 0.5923 0.0391 0.0549
0 0.6843 0.4011 0.0581 0.1004
0 0.6372 0.4363 0.0391 0.1355
0 0.6995 0.5348 0.0796 0.1407
0 0.0916 0.5231 0.0415 0.1245
0 0.1404 0.4505 0.0454 0.1187
0 0.1504 0.5601 0.0439 0.1165
0 0.1777 0.5788 0.0420 0.0762
0 0.1702 0.5026 0.0317 0.0630
0 0.6074 0.3952 0.0527 0.1722
0 0.991 0.3454 0.0181 0.1238
