0 0.888428 0.697436 0.084473 0.227106
0 0.483643 0.492308 0.041504 0.064469
0 0.330322 0.509524 0.038574 0.094505
0 0.922119 0.51685 0.104004 0.128205
0 0.94165 0.419414 0.049316 0.069597
0 0.980713 0.378755 0.038574 0.134799
0 0.828369 0.393773 0.040527 0.094505
0 0.843262 0.581319 0.038086 0.09011
0 0.828613 0.649817 0.049805 0.045421
0 0.792725 0.708425 0.08252 0.071795
0 0.593262 0.419414 0.066406 0.150183
0 0.818848 0.513919 0.09082 0.138462
0 0.796631 0.603663 0.035645 0.038095
0 0.761719 0.408059 0.039062 0.054212
0 0.684326 0.599267 0.058105 0.101099
0 0.637451 0.563736 0.039551 0.135531
0 0.699951 0.465568 0.07959 0.141392
0 0.092041 0.476923 0.041504 0.124542
0 0.140869 0.550183 0.04541 0.118681
0 0.150635 0.439927 0.043457 0.116484
0 0.177734 0.421245 0.041992 0.07619
0 0.170654 0.497436 0.031738 0.063004
0 0.607422 0.605495 0.052734 0.172161
0 0.991211 0.655311 0.017578 0.12381
