0 0.302564 0.888428 0.227106 0.084473
0 0.507692 0.483643 0.064469 0.041504
0 0.490476 0.330322 0.094505 0.038574
0 0.48315 0.922119 0.128205 0.104004
0 0.580586 0.94165 0.069597 0.049316
0 0.621245 0.980713 0.134799 0.038574
0 0.606227 0.828369 0.094505 0.040527
0 0.418681 0.843262 0.09011 0.038086
0 0.350183 0.828613 0.045421 0.049805
0 0.291575 0.792725 0.071795 0.08252
0 0.580586 0.593262 0.150183 0.066406
0 0.486081 0.818848 0.138462 0.09082
0 0.396337 0.796631 0.038095 0.035645
0 0.591941 0.761719 0.054212 0.039062
0 0.400733 0.684326 0.101099 0.058105
0 0.436264 0.637451 0.135531 0.039551
0 0.534432 0.699951 0.141392 0.07959
0 0.523077 0.092041 0.124542 0.041504
0 0.449817 0.140869 0.118681 0.04541
0 0.560073 0.150635 0.116484 0.043457
0 0.578755 0.177734 0.07619 0.041992
0 0.502564 0.170654 0.063004 0.031738
0 0.394505 0.607422 0.172161 0.052734
0 0.344689 0.991211 0.12381 0.017578
